1024
35 66 47 81
34 -96 45 -93
28 -53 42 -51
-2 -42 10 -28
32 46 41 54
24 57 29 61
77 -8 79 1
-68 86 -58 91
60 -97 72 -87
-96 85 -81 92
6 -33 21 -23
20 -73 29 -67
-66 32 -51 42
56 55 71 60
100 74 108 89
-24 88 -10 96
28 -9 38 1
-11 18 -7 27
18 46 25 58
48 -7 58 2
77 -32 88 -22
-85 27 -72 36
50 -20 61 -15
45 4 60 11
29 -53 42 -43
-50 12 -37 25
-32 34 -26 37
-13 18 -3 21
73 95 81 102
-96 65 -86 75
-37 -41 -35 -32
-36 -7 -34 -3
93 -30 105 -16
-86 -4 -71 8
81 94 84 100
-23 -4 -17 11
69 -48 79 -45
-76 43 -67 54
47 17 54 32
3 88 18 102
-29 1 -17 10
16 -58 29 -43
100 -55 111 -48
-24 -17 -15 -3
75 -31 79 -20
52 81 65 91
100 95 106 107
99 57 101 62
97 -37 108 -32
-86 -23 -81 -10
97 -11 111 -3
-11 -66 -5 -60
5 81 17 85
-9 37 -5 45
-39 97 -37 110
-83 -93 -75 -88
41 48 53 53
6 44 16 53
61 10 74 17
73 16 76 27
-1 -54 1 -44
-8 -89 -3 -87
1 -76 13 -63
34 -54 38 -49
18 71 26 82
-93 35 -91 41
-59 35 -56 41
-33 -93 -30 -81
-75 2 -67 8
34 18 41 28
20 -12 26 2
57 -30 63 -17
18 19 24 24
8 -86 14 -84
37 -16 45 -9
-75 81 -73 94
53 -37 55 -25
-100 -99 -91 -95
10 -25 15 -12
-88 18 -85 29
-59 -33 -56 -30
66 -8 80 7
-96 49 -82 57
73 89 75 103
-56 63 -54 72
70 -58 81 -43
14 79 24 87
-35 25 -20 29
32 27 45 31
94 -44 98 -39
-7 -44 0 -38
-50 -64 -44 -52
96 -75 99 -69
-69 -82 -56 -74
-83 2 -68 14
-23 -76 -12 -61
-47 7 -41 14
-31 -4 -17 4
-34 -14 -23 -8
35 48 43 59
-31 -38 -22 -31
-82 -86 -70 -79
-93 61 -81 65
71 -97 84 -84
-29 96 -27 102
-71 -30 -56 -22
25 99 38 106
-96 -100 -89 -95
-63 38 -60 45
-100 5 -89 10
22 -8 25 3
-42 84 -32 86
-20 -17 -13 -12
-40 94 -32 102
18 -60 20 -46
83 -71 94 -67
57 20 72 25
-81 -82 -74 -70
79 95 93 100
64 -55 74 -47
76 98 87 112
-22 93 -11 95
-39 84 -29 99
-74 -4 -60 -2
53 81 58 95
12 87 27 101
10 -9 21 -3
-59 -12 -55 -9
-33 -81 -30 -75
5 34 17 36
-62 85 -52 91
74 59 86 61
11 -73 26 -60
59 5 71 9
26 15 28 18
25 62 27 70
36 6 48 17
63 -90 73 -81
-75 44 -63 48
62 -34 70 -22
-23 44 -21 59
-25 -86 -19 -74
-28 -2 -20 1
46 -68 48 -63
21 36 28 51
-29 -58 -27 -52
-50 -92 -41 -79
-9 -76 2 -70
67 2 82 6
24 -31 35 -21
-64 20 -59 34
-74 -47 -68 -41
28 -89 36 -84
36 96 46 101
67 59 72 66
53 -34 67 -30
-16 45 -3 48
-63 -45 -58 -39
100 45 108 53
25 -8 35 1
-73 -72 -66 -65
51 -86 57 -80
15 7 28 21
6 -51 15 -42
-16 -38 -7 -29
86 22 101 33
86 -78 89 -63
98 74 102 79
100 -46 107 -36
-39 -74 -29 -69
-42 51 -40 57
45 -89 51 -77
-99 2 -97 13
58 82 67 85
-40 27 -25 29
90 -55 104 -49
85 -73 96 -63
-49 21 -40 26
36 64 45 72
21 -84 28 -69
70 7 74 17
45 -29 52 -26
-38 67 -32 69
41 -78 51 -63
-56 -95 -47 -80
-87 -62 -85 -51
-69 -45 -58 -30
21 35 32 42
0 -32 2 -18
14 -68 20 -63
56 -21 65 -16
-72 -3 -60 4
74 -60 83 -52
-10 66 -1 73
47 61 58 65
-76 46 -65 59
58 53 65 66
-32 -38 -25 -31
-84 -32 -69 -20
71 16 81 25
-57 83 -55 97
-76 -77 -67 -68
-94 11 -91 20
-89 -92 -82 -88
68 12 81 26
74 13 88 28
-48 33 -34 39
-90 -7 -87 3
-72 13 -57 19
19 97 31 105
89 66 91 80
-5 -17 1 -8
89 -67 101 -59
38 15 47 30
60 92 67 101
-32 -14 -26 -9
-86 -68 -72 -56
62 32 66 47
-93 49 -78 58
-76 -36 -73 -31
23 -65 33 -54
-22 -95 -10 -85
-100 -70 -88 -57
57 -1 59 8
-4 -12 4 -2
60 7 65 17
-22 -81 -9 -68
56 15 62 29
86 85 99 93
12 -56 19 -48
14 33 17 45
-93 -14 -89 -1
-52 -57 -38 -45
-13 -72 2 -60
5 -26 17 -19
-58 80 -48 85
-71 -31 -65 -29
-36 64 -34 76
12 -84 19 -69
-28 -20 -23 -10
48 -93 55 -85
-66 43 -54 48
46 70 61 77
-31 -98 -28 -94
40 73 49 82
-96 -62 -88 -49
-7 10 0 23
-45 26 -31 36
86 33 89 40
-24 -3 -21 10
13 38 26 46
11 28 21 36
91 15 95 18
-38 94 -32 102
36 -3 38 9
-5 41 2 50
-46 62 -37 75
30 -92 37 -80
-34 -58 -24 -54
8 -96 14 -85
18 -46 26 -41
-92 -54 -81 -41
-61 -80 -53 -75
2 -97 6 -94
75 79 86 92
64 21 75 32
-7 -52 3 -38
15 98 17 113
57 -88 72 -85
-25 69 -17 73
-46 -18 -36 -9
-92 90 -79 105
-50 45 -42 50
72 31 75 38
-49 -37 -38 -35
28 16 36 18
68 16 72 26
33 64 35 74
-99 92 -96 107
7 -56 14 -53
-56 -19 -46 -12
-94 2 -90 8
75 -17 85 -4
41 -62 47 -48
13 4 17 15
-59 -18 -48 -10
98 25 101 28
45 36 57 38
49 -8 54 3
44 61 50 70
-28 -67 -19 -53
32 49 38 51
-30 -30 -24 -17
-29 -64 -16 -60
-26 11 -11 25
-17 -86 -13 -84
4 25 17 32
59 -42 64 -38
-38 -63 -27 -54
-35 1 -22 11
-22 34 -16 49
78 77 89 88
93 52 98 55
83 31 95 41
72 63 79 73
-46 -8 -38 -6
-47 -98 -37 -92
-86 -74 -77 -63
19 -21 23 -14
29 -50 36 -37
73 -31 84 -24
-86 -70 -76 -59
-68 55 -63 64
4 87 8 98
60 -99 69 -96
-8 19 2 34
52 -86 60 -78
49 8 55 10
-76 95 -64 105
25 -9 34 6
56 92 67 103
12 65 18 74
-65 3 -57 16
-72 -83 -69 -81
77 -44 91 -38
-42 -37 -36 -27
88 -74 100 -68
70 -43 78 -31
-9 -65 6 -59
15 -33 17 -24
3 -8 7 4
11 67 18 70
83 81 90 92
42 -100 56 -88
85 32 100 41
92 -54 105 -41
80 59 85 74
-47 -57 -32 -48
-8 18 6 27
-96 -21 -84 -15
86 55 101 58
-6 59 6 62
92 57 101 67
25 46 30 50
-72 69 -64 74
-5 -73 -1 -58
59 -1 68 12
7 24 19 33
-32 58 -23 62
64 -27 66 -22
-79 73 -74 77
-38 -30 -35 -26
-23 -99 -21 -92
-42 -26 -40 -21
64 -8 71 -2
-12 56 -10 69
-66 -36 -56 -33
-41 -99 -32 -87
85 -23 89 -18
-40 -80 -38 -73
-51 -2 -49 4
-67 -54 -52 -51
85 79 93 90
94 -39 97 -24
-34 67 -20 78
-60 -35 -48 -32
3 -48 10 -35
16 91 19 102
56 -91 69 -78
65 9 68 22
-88 -3 -81 -1
-91 -43 -76 -37
-90 10 -77 17
84 -9 94 3
62 31 76 35
-12 61 -5 76
15 -26 26 -22
-24 43 -21 49
24 73 27 76
24 -33 30 -27
-57 -77 -55 -63
-57 -71 -50 -56
9 -51 18 -39
2 -56 9 -49
2 -3 17 2
-83 95 -75 106
98 -35 102 -30
-80 93 -66 98
-100 -16 -93 -14
79 -24 86 -17
22 73 33 75
-12 -24 0 -16
-1 11 5 21
7 7 17 10
-97 -48 -84 -44
-35 58 -28 72
-8 -2 -3 3
95 -68 100 -53
93 48 102 53
61 -39 67 -36
-88 -93 -81 -79
46 -29 59 -18
61 -90 74 -86
39 1 48 9
63 61 78 64
100 -14 104 -9
54 41 65 55
0 -15 11 -8
52 8 56 21
17 63 27 78
-6 -94 4 -79
-82 27 -70 42
56 -38 63 -32
83 -100 94 -92
-30 98 -23 106
-36 98 -34 101
-84 53 -72 64
82 0 97 8
90 55 102 64
-16 -61 -1 -57
-74 -56 -63 -49
36 2 40 9
6 -98 18 -83
34 -93 43 -82
37 67 44 69
96 76 98 84
78 10 89 12
30 24 34 30
63 59 66 64
-57 8 -55 13
89 36 104 50
-3 88 0 96
76 41 82 55
82 100 94 102
-75 -56 -61 -45
-75 39 -63 46
71 30 82 36
-68 83 -53 96
92 64 105 76
-78 -80 -75 -70
13 95 27 102
53 -31 58 -27
-42 45 -30 52
70 -92 72 -89
44 -43 48 -29
38 16 41 30
58 -5 63 -2
-48 -47 -38 -39
26 -12 35 -1
-23 -50 -8 -47
-6 22 1 25
-42 -45 -36 -32
44 -77 49 -72
-61 -42 -50 -27
-96 99 -82 103
-90 -83 -77 -72
-83 -24 -76 -9
-44 -82 -29 -78
-42 80 -31 93
-16 -17 -7 -13
-87 -47 -83 -36
-14 32 -12 37
-98 -96 -84 -94
-50 -89 -37 -86
76 19 86 22
-64 85 -52 87
22 -73 32 -71
76 -50 89 -46
47 48 62 61
69 -13 82 -10
-5 -94 0 -89
88 69 95 72
-15 22 -12 27
-60 7 -53 21
-57 -78 -48 -67
83 88 98 91
100 47 102 55
11 -50 23 -39
-40 -29 -31 -14
81 -3 96 7
7 -80 15 -73
39 85 42 87
-87 12 -79 27
-6 34 0 36
-65 15 -54 22
92 27 103 30
-16 -41 -11 -27
-27 -66 -15 -55
-26 19 -12 31
52 74 56 87
23 94 35 104
35 -68 48 -56
83 70 97 74
97 -20 107 -10
-64 1 -60 5
-49 -66 -45 -58
-72 2 -64 7
-93 -72 -86 -70
-59 99 -57 108
55 44 57 47
-10 -37 2 -27
-1 -89 6 -81
-77 62 -63 72
100 -58 114 -43
-85 63 -81 78
-51 4 -46 9
85 -98 100 -91
65 17 69 31
-40 -11 -27 -9
-42 -57 -36 -46
-46 64 -35 76
-93 9 -87 16
-36 32 -29 41
79 -71 85 -59
31 -39 34 -30
67 41 81 51
46 -87 49 -82
-48 35 -45 48
45 -52 51 -43
-84 -40 -71 -35
-83 1 -68 13
-28 -36 -18 -32
-2 42 9 45
-5 91 10 97
-31 -18 -17 -4
7 72 19 74
-76 33 -70 40
35 7 38 13
-20 53 -15 61
-63 97 -59 108
-87 -2 -79 4
-34 -37 -27 -33
-17 33 -5 42
12 69 26 75
87 18 100 30
-61 -61 -55 -46
-18 -85 -8 -72
-30 10 -25 25
21 81 26 91
9 30 13 39
3 -21 17 -15
15 36 23 49
49 79 55 88
76 -81 91 -76
63 -35 70 -22
-78 -45 -72 -43
64 0 68 14
-20 -99 -18 -88
-7 -92 -2 -87
-12 95 -7 109
58 51 68 59
-71 35 -69 37
42 15 47 30
-82 40 -74 54
-31 55 -20 69
-47 -15 -41 -2
-69 83 -62 88
72 14 75 24
50 51 60 54
-69 -25 -65 -20
-26 97 -24 112
28 3 37 7
-17 91 -11 102
-86 -65 -77 -58
74 -93 88 -84
-41 74 -39 87
49 -38 61 -34
37 70 45 85
-2 20 3 25
33 3 37 17
93 -46 102 -38
84 100 92 111
-55 70 -48 83
47 99 58 103
79 11 87 17
94 -11 107 1
-37 -49 -24 -41
-24 54 -13 66
-51 -69 -42 -61
39 -68 53 -63
37 -69 39 -56
-73 66 -70 69
-24 -11 -22 1
-33 45 -27 51
98 6 101 14
45 -94 48 -81
48 66 51 74
58 -87 68 -80
-90 65 -84 70
2 -82 12 -74
-39 46 -26 52
-79 -30 -75 -23
-83 53 -70 57
4 66 12 78
21 95 24 110
-68 -81 -60 -69
-81 -68 -73 -62
4 -37 19 -33
-28 85 -24 96
31 -40 37 -30
96 -44 99 -41
76 43 87 58
-9 36 1 46
-68 -79 -64 -64
87 66 93 73
77 44 90 48
100 17 108 20
0 -87 15 -78
97 -74 102 -60
-45 -29 -32 -18
89 22 98 29
-27 -14 -13 -6
18 61 21 75
51 11 66 22
39 -90 44 -76
-79 -24 -72 -9
11 26 18 37
47 35 55 47
-83 -93 -78 -90
48 -49 52 -37
-24 -55 -9 -43
-45 90 -35 96
-27 37 -24 41
-60 36 -49 44
-38 -76 -33 -70
18 48 20 53
-40 4 -29 13
-85 24 -82 35
97 95 100 106
-62 54 -48 57
-47 -90 -33 -87
-58 -55 -51 -46
40 -57 44 -49
22 -35 33 -24
-70 -76 -64 -72
-61 25 -54 38
49 -59 56 -47
-28 41 -14 44
63 95 73 100
32 12 38 18
60 43 71 57
-54 -2 -51 9
-89 -70 -85 -55
45 8 58 21
69 31 80 34
-19 14 -15 29
2 -53 8 -39
19 2 25 7
17 -56 26 -42
-90 50 -77 59
-85 -10 -73 3
-37 -16 -31 -12
14 -29 19 -26
1 87 9 95
-79 2 -77 11
41 81 56 96
4 -48 9 -46
89 99 102 114
-6 -21 6 -18
86 -73 99 -69
9 57 24 62
31 -76 34 -66
-67 16 -63 28
2 -73 14 -65
-89 75 -83 78
-16 78 -7 86
19 61 33 69
-46 90 -39 97
89 59 103 68
-11 73 4 86
-56 -34 -41 -20
-8 -71 -2 -62
33 -40 40 -34
59 17 70 28
81 -1 87 3
-22 -34 -9 -27
-55 -86 -49 -82
-92 -82 -79 -80
88 -29 100 -19
-78 -34 -76 -23
97 64 104 73
81 63 89 67
14 -36 28 -32
25 -95 32 -87
70 -91 78 -88
-56 87 -50 98
83 -48 90 -41
-56 53 -48 66
5 -20 14 -5
95 62 98 70
-30 65 -20 75
11 -88 19 -73
60 40 63 52
-13 -20 -6 -9
-3 -91 0 -88
6 -20 17 -5
8 81 19 96
-76 51 -64 60
33 -73 40 -67
-41 -96 -31 -91
-70 100 -63 111
19 34 29 42
-43 71 -31 80
91 96 100 106
26 -8 35 4
-7 30 -1 43
-87 -78 -82 -65
-20 49 -10 64
38 36 50 51
-88 -50 -81 -37
10 37 14 48
-55 -56 -43 -49
-60 -32 -52 -23
83 -37 94 -22
-15 48 -4 59
-95 11 -91 15
75 55 82 64
-73 15 -68 28
25 -86 30 -84
94 -81 103 -71
-69 98 -58 107
-15 -35 -8 -31
39 -32 47 -17
-26 0 -19 7
-66 -7 -61 1
88 56 101 71
45 -50 53 -37
7 -16 15 -4
-56 -69 -47 -66
45 -85 56 -78
65 59 73 61
-80 90 -73 93
29 85 38 94
46 8 61 22
-59 47 -57 53
4 69 19 76
-2 59 4 71
-24 47 -12 60
-14 -97 -6 -87
-62 7 -48 20
-15 -4 -4 10
15 -47 19 -39
34 100 36 106
83 -16 95 -12
-56 -45 -47 -36
-73 0 -58 8
-97 -80 -94 -67
56 -92 69 -81
27 84 42 98
-37 -71 -24 -57
-13 -30 0 -28
-24 -12 -12 2
-9 70 -6 82
43 29 48 31
-84 -79 -70 -73
-80 -91 -70 -86
80 -70 89 -66
-58 -41 -44 -29
-60 -36 -56 -28
26 95 41 110
-35 48 -29 50
30 -47 39 -35
-5 -53 3 -44
-80 45 -68 56
47 37 60 44
23 45 36 53
-49 59 -36 69
-97 77 -84 81
95 -3 100 1
15 85 28 90
4 92 10 107
5 -77 9 -72
-73 46 -60 52
89 15 104 20
52 1 63 10
65 7 72 12
-61 -4 -52 8
48 -68 52 -56
-91 -71 -84 -68
47 58 52 63
52 -60 54 -51
88 15 101 28
-23 76 -15 88
0 -78 12 -66
-49 -54 -36 -43
7 -82 11 -68
64 -88 76 -79
30 90 43 92
-71 67 -69 78
-80 39 -71 47
26 -100 38 -95
32 26 34 38
67 -16 72 -13
59 85 65 96
86 -16 88 -2
-82 32 -80 35
-51 67 -42 77
-81 -1 -73 6
92 30 98 42
-41 49 -30 55
-54 -88 -47 -83
55 53 63 59
-44 -63 -34 -56
43 47 55 56
29 76 42 85
-71 8 -61 23
32 -77 34 -63
-99 -75 -90 -61
-59 39 -53 43
75 82 78 88
23 -21 33 -13
65 98 71 104
-17 54 -8 56
-76 -87 -65 -73
97 20 107 29
-9 -5 -4 6
8 -56 16 -53
-28 -91 -20 -80
30 -37 44 -22
8 -45 14 -37
-55 -63 -42 -59
-46 19 -37 30
16 75 21 79
72 -76 75 -67
-64 58 -54 61
-16 -5 -9 9
88 59 90 71
23 -94 25 -86
-13 -3 -9 6
57 15 67 28
57 -82 69 -77
23 67 28 71
-59 -75 -51 -61
94 -29 106 -27
-40 -18 -33 -3
-84 -67 -71 -58
-27 15 -16 25
-69 10 -60 23
79 52 82 55
9 7 20 10
33 -90 39 -76
-93 -37 -90 -30
63 -77 78 -74
-76 -100 -74 -94
60 -19 73 -11
5 27 7 31
-85 -83 -71 -75
-31 -95 -16 -85
61 86 73 90
-52 31 -50 33
1 43 11 53
75 40 81 51
44 61 47 63
3 74 6 88
-66 93 -64 95
60 54 68 58
-9 -54 -3 -44
-41 62 -34 75
75 -12 86 1
-97 -33 -82 -26
-37 -41 -28 -35
-30 1 -19 13
12 -64 22 -55
0 26 11 30
35 94 48 105
-61 66 -53 77
20 70 30 83
-61 18 -59 27
86 66 98 78
85 57 90 66
56 23 58 30
6 -91 12 -85
51 -17 58 -4
55 -1 67 2
51 -71 58 -62
2 -43 14 -31
27 83 39 96
-34 -83 -23 -79
-61 -1 -58 11
92 91 107 99
-52 -91 -47 -88
-30 -57 -22 -48
-17 -81 -10 -66
-54 85 -43 97
-98 59 -84 74
54 63 68 77
99 -64 114 -62
-60 -43 -52 -37
-32 36 -23 40
91 56 100 65
17 -12 28 2
-63 13 -56 17
64 -31 77 -27
-58 -75 -56 -70
-33 32 -28 43
34 55 38 66
52 86 54 97
-87 100 -74 113
-99 9 -94 15
-100 76 -85 88
-95 -96 -88 -88
-11 -53 -1 -49
-2 -80 2 -70
47 54 56 67
92 -26 100 -21
-62 -96 -52 -91
25 21 27 31
94 -75 109 -62
-45 33 -30 42
22 53 34 62
90 75 94 89
-29 -21 -15 -6
29 -92 38 -80
55 92 68 107
-35 76 -33 88
-92 -72 -89 -57
-39 -23 -30 -13
99 -46 103 -42
30 80 35 85
88 88 98 100
65 -34 69 -31
80 -44 82 -39
-58 56 -49 60
-16 26 -14 35
99 -21 104 -10
47 -47 59 -44
40 63 43 74
-95 -23 -89 -8
73 37 84 42
-61 85 -49 88
36 76 44 85
70 28 75 30
35 -92 38 -87
57 -76 67 -66
76 56 83 58
34 -80 48 -71
-74 83 -67 91
38 -32 42 -27
55 -31 66 -26
-27 100 -23 113
-25 37 -14 39
68 -35 79 -22
67 -5 72 3
20 -1 32 9
57 22 67 33
-73 12 -68 15
-92 75 -80 77
-27 -83 -22 -79
31 -17 46 -10
-55 -91 -48 -81
-50 -82 -37 -72
-88 2 -80 16
61 -97 73 -92
-24 78 -9 83
-72 60 -69 69
-12 -30 -7 -25
-99 90 -94 94
54 57 60 65
89 45 97 51
23 -34 29 -20
-78 -19 -63 -5
-57 6 -55 16
-4 81 10 95
40 -92 48 -88
-64 90 -52 100
55 35 70 47
-29 -23 -26 -14
70 -14 78 -5
-92 76 -81 78
-27 53 -23 58
33 -68 47 -54
-50 57 -36 59
-85 55 -77 62
-93 -20 -90 -5
93 -98 99 -86
-69 -3 -60 1
7 16 21 18
-86 -99 -73 -84
-5 13 -2 23
-87 19 -77 30
-89 100 -74 112
78 -66 88 -51
-86 35 -83 44
79 -70 89 -65
92 -3 96 5
17 21 22 24
88 -57 97 -52
-18 -22 -5 -19
53 35 65 45
79 74 88 88
59 -99 63 -91
76 -25 81 -20
-5 27 9 40
77 29 84 39
0 -73 14 -59
25 -45 34 -30
5 -43 10 -28
56 -3 60 -1
51 99 65 113
17 63 31 70
99 29 102 36
-63 4 -54 15
91 61 97 75
75 -13 87 -10
-75 42 -61 56
-74 46 -64 57
-58 -67 -56 -63
48 57 58 61
68 -82 79 -77
59 -23 67 -16
-4 75 3 88
-55 -13 -42 2
88 -6 95 -1
-36 60 -32 75
-57 -50 -43 -38
88 59 91 74
97 75 107 85
-54 -67 -41 -65
-37 14 -33 26
37 -63 42 -56
-64 64 -58 70
56 -73 66 -58
47 63 55 71
-16 25 -2 36
